CMDLINE python main.py --input ../graph/ --output ../emb/ --p 1 --q 1 --walk-length 20 --num-walks 10 --dataset 8 --l_type cluster --su
MEM 0.722656 1530965066.7098
MEM 27.671875 1530965066.8381
MEM 38.781250 1530965066.9735
MEM 51.074219 1530965067.1055
MEM 54.308594 1530965067.2361
MEM 62.437500 1530965067.3667
MEM 78.281250 1530965067.5009
MEM 90.195312 1530965067.6355
MEM 105.718750 1530965067.7829
MEM 140.753906 1530965067.9339
MEM 172.312500 1530965068.0842
MEM 179.941406 1530965068.2208
MEM 185.742188 1530965068.3606
MEM 195.148438 1530965068.5026
MEM 204.027344 1530965068.6343
MEM 212.511719 1530965068.7674
CHLD 0 0.636719 1530965068.7821
CHLD 1 5.578125 1530965068.7821
MEM 215.863281 1530965068.9051
CHLD 0 0.636719 1530965068.9217
CHLD 1 8.671875 1530965068.9218
MEM 218.957031 1530965069.0426
CHLD 0 0.636719 1530965069.0606
CHLD 1 11.765625 1530965069.0607
MEM 221.535156 1530965069.1748
CHLD 0 0.636719 1530965069.1908
CHLD 1 14.601562 1530965069.1908
MEM 224.628906 1530965069.3131
CHLD 0 0.636719 1530965069.3300
CHLD 1 17.437500 1530965069.3300
MEM 227.464844 1530965069.4471
CHLD 0 0.636719 1530965069.4611
CHLD 1 20.273438 1530965069.4612
MEM 230.300781 1530965069.5852
CHLD 0 0.636719 1530965069.6030
CHLD 1 23.109375 1530965069.6030
MEM 232.878906 1530965069.7222
CHLD 0 0.636719 1530965069.7378
CHLD 1 25.687500 1530965069.7378
MEM 235.457031 1530965069.8542
CHLD 0 0.636719 1530965069.8692
CHLD 1 28.265625 1530965069.8693
MEM 238.035156 1530965069.9874
CHLD 0 0.636719 1530965070.0028
CHLD 1 30.843750 1530965070.0028
MEM 240.613281 1530965070.1202
CHLD 0 0.636719 1530965070.1352
CHLD 1 33.421875 1530965070.1352
MEM 242.933594 1530965070.2527
CHLD 0 0.636719 1530965070.2675
CHLD 1 35.742188 1530965070.2675
MEM 283.406250 1530965070.3907
CHLD 0 0.636719 1530965070.4058
CHLD 1 91.167969 1530965070.4059
MEM 386.789062 1530965070.5256
CHLD 0 0.636719 1530965070.5410
CHLD 1 190.941406 1530965070.5410
MEM 486.820312 1530965070.6588
CHLD 0 0.636719 1530965070.6734
CHLD 1 285.156250 1530965070.6734
MEM 562.226562 1530965070.7910
CHLD 0 0.636719 1530965070.8060
CHLD 1 364.644531 1530965070.8060
MEM 643.070312 1530965070.9232
CHLD 0 0.636719 1530965070.9381
CHLD 1 444.957031 1530965070.9382
MEM 721.644531 1530965071.0567
CHLD 0 0.636719 1530965071.0725
CHLD 1 524.011719 1530965071.0726
MEM 801.386719 1530965071.1943
CHLD 0 0.636719 1530965071.2099
CHLD 1 603.105469 1530965071.2099
MEM 883.039062 1530965071.3292
CHLD 0 0.636719 1530965071.3442
CHLD 1 685.437500 1530965071.3442
MEM 966.042969 1530965071.4637
CHLD 0 0.636719 1530965071.4794
CHLD 1 766.847656 1530965071.4794
MEM 1044.617188 1530965071.6027
CHLD 0 0.636719 1530965071.6185
CHLD 1 847.140625 1530965071.6186
MEM 1118.375000 1530965071.7380
CHLD 0 0.636719 1530965071.7529
CHLD 1 918.273438 1530965071.7529
MEM 1190.910156 1530965071.8719
CHLD 0 0.636719 1530965071.8869
CHLD 1 991.570312 1530965071.8869
MEM 1266.976562 1530965072.0050
CHLD 0 0.636719 1530965072.0203
CHLD 1 1067.214844 1530965072.0203
MEM 1343.605469 1530965072.1413
CHLD 0 0.636719 1530965072.1562
CHLD 1 1144.804688 1530965072.1562
MEM 1420.691406 1530965072.2771
CHLD 0 0.636719 1530965072.2925
CHLD 1 1221.921875 1530965072.2926
MEM 1496.882812 1530965072.4119
CHLD 0 0.636719 1530965072.4269
CHLD 1 1297.605469 1530965072.4269
MEM 1573.515625 1530965072.5454
CHLD 0 0.636719 1530965072.5625
CHLD 1 1375.851562 1530965072.5625
MEM 1645.664062 1530965072.6838
CHLD 0 0.636719 1530965072.6970
CHLD 1 1445.996094 1530965072.6970
MEM 1718.464844 1530965072.8149
CHLD 0 0.636719 1530965072.8302
CHLD 1 1519.324219 1530965072.8303
MEM 1782.125000 1530965072.9504
CHLD 0 0.636719 1530965072.9657
CHLD 1 1582.984375 1530965072.9657
MEM 1853.527344 1530965073.0842
CHLD 0 0.636719 1530965073.0999
CHLD 1 1655.058594 1530965073.0999
MEM 1931.257812 1530965073.2235
CHLD 0 0.636719 1530965073.2444
CHLD 1 1730.394531 1530965073.2445
MEM 1985.070312 1530965073.3583
CHLD 0 0.636719 1530965073.3714
CHLD 1 1783.617188 1530965073.3715
MEM 2044.527344 1530965073.4924
CHLD 0 0.636719 1530965073.5124
CHLD 1 1847.664062 1530965073.5125
MEM 2125.730469 1530965073.6342
CHLD 0 0.636719 1530965073.6490
CHLD 1 1927.988281 1530965073.6490
MEM 2190.296875 1530965073.7666
CHLD 0 0.636719 1530965073.7801
CHLD 1 1990.355469 1530965073.7801
MEM 2262.429688 1530965073.8978
CHLD 0 0.636719 1530965073.9131
CHLD 1 2060.566406 1530965073.9131
MEM 2339.222656 1530965074.0387
CHLD 0 0.636719 1530965074.0519
CHLD 1 2133.515625 1530965074.0520
MEM 2404.773438 1530965074.1738
CHLD 0 0.636719 1530965074.1951
CHLD 1 2206.117188 1530965074.1952
MEM 2461.109375 1530965074.3195
CHLD 0 0.636719 1530965074.3332
CHLD 1 2259.847656 1530965074.3333
MEM 2525.203125 1530965074.4493
CHLD 0 0.636719 1530965074.4670
CHLD 1 2326.890625 1530965074.4670
MEM 2599.214844 1530965074.5828
CHLD 0 0.636719 1530965074.5959
CHLD 1 2396.210938 1530965074.5959
MEM 2664.472656 1530965074.7132
CHLD 0 0.636719 1530965074.7264
CHLD 1 2464.117188 1530965074.7264
MEM 2727.777344 1530965074.8446
CHLD 0 0.636719 1530965074.8577
CHLD 1 2526.480469 1530965074.8578
MEM 2788.414062 1530965074.9757
CHLD 0 0.636719 1530965074.9890
CHLD 1 2587.902344 1530965074.9891
MEM 2851.714844 1530965075.1069
CHLD 0 0.636719 1530965075.1202
CHLD 1 2652.562500 1530965075.1203
MEM 2918.925781 1530965075.2404
CHLD 0 0.636719 1530965075.2545
CHLD 1 2719.031250 1530965075.2546
MEM 2987.980469 1530965075.3725
CHLD 0 0.636719 1530965075.3859
CHLD 1 2786.941406 1530965075.3860
MEM 3058.031250 1530965075.5054
CHLD 0 0.636719 1530965075.5201
CHLD 1 2856.070312 1530965075.5201
MEM 3107.316406 1530965075.6435
CHLD 0 0.636719 1530965075.6646
CHLD 1 2899.968750 1530965075.6646
MEM 3108.617188 1530965075.8104
CHLD 0 0.636719 1530965075.8556
CHLD 1 2901.480469 1530965075.8556
MEM 3109.238281 1530965076.0009
CHLD 0 0.636719 1530965076.0339
CHLD 1 2901.796875 1530965076.0339
MEM 3109.332031 1530965076.1551
CHLD 0 0.636719 1530965076.2095
CHLD 1 2901.898438 1530965076.2096
MEM 3109.382812 1530965076.3399
CHLD 0 0.636719 1530965076.3853
CHLD 1 2901.953125 1530965076.3853
MEM 3109.429688 1530965076.5126
CHLD 0 0.636719 1530965076.5687
CHLD 1 2901.980469 1530965076.5688
MEM 3109.437500 1530965076.7036
CHLD 0 0.636719 1530965076.7483
CHLD 1 2901.988281 1530965076.7483
MEM 3109.441406 1530965076.8721
CHLD 0 0.636719 1530965076.8932
CHLD 1 2901.992188 1530965076.8933
MEM 3109.441406 1530965077.0136
CHLD 0 0.636719 1530965077.0259
CHLD 1 2901.992188 1530965077.0259
MEM 3109.507812 1530965077.1462
CHLD 0 0.636719 1530965077.1590
CHLD 1 2902.058594 1530965077.1591
MEM 3109.507812 1530965077.2792
CHLD 0 0.636719 1530965077.2942
CHLD 1 2902.058594 1530965077.2942
MEM 3110.347656 1530965077.4120
CHLD 0 0.636719 1530965077.4259
CHLD 1 2903.148438 1530965077.4259
MEM 3112.343750 1530965077.5528
CHLD 0 0.636719 1530965077.5740
CHLD 1 2905.121094 1530965077.5740
MEM 3113.792969 1530965077.6920
CHLD 0 0.636719 1530965077.7071
CHLD 1 2906.515625 1530965077.7072
MEM 3115.039062 1530965077.8288
CHLD 0 0.636719 1530965077.8436
CHLD 1 2907.738281 1530965077.8437
MEM 3116.390625 1530965077.9633
CHLD 0 0.636719 1530965077.9763
CHLD 1 2909.078125 1530965077.9764
MEM 3103.960938 1530965078.0962
CHLD 0 0.636719 1530965078.1123
CHLD 1 2896.511719 1530965078.1124
MEM 3103.960938 1530965078.2297
CHLD 0 0.636719 1530965078.2433
CHLD 1 2896.511719 1530965078.2433
MEM 3103.960938 1530965078.3592
CHLD 0 0.636719 1530965078.3731
CHLD 1 2896.511719 1530965078.3732
MEM 3103.960938 1530965078.4924
CHLD 0 0.636719 1530965078.5075
CHLD 1 2896.511719 1530965078.5075
MEM 3103.960938 1530965078.6235
CHLD 0 0.636719 1530965078.6394
CHLD 1 2896.511719 1530965078.6395
MEM 3103.960938 1530965078.7597
CHLD 0 0.636719 1530965078.7759
CHLD 1 2896.511719 1530965078.7759
MEM 3103.960938 1530965078.8996
CHLD 0 0.636719 1530965078.9148
CHLD 1 2896.511719 1530965078.9148
MEM 2911.242188 1530965079.0363
CHLD 0 0.636719 1530965079.0560
CHLD 1 0.000000 1530965079.0560
MEM 207.449219 1530965079.1776
CHLD 0 0.636719 1530965079.1940
CHLD 1 0.000000 1530965079.1941
MEM 206.812500 1530965079.3179
MEM 223.480469 1530965079.4537
MEM 255.660156 1530965079.5815
MEM 273.121094 1530965079.7162
MEM 273.242188 1530965079.8487
MEM 207.000000 1530965079.9772
